5
6
8
13
14
15
16
17
18
19
20
21
22
23
24
29
31
46
47
48
52
54
60
64
93
94
114
115
116
120
123
128
131
134
143
157
165
166
181
229
232
240
252
259
296
297
303
317
319
323
328
334
339
340
341
342
345
351
352
357
363
364
381
382
389
399
408
411
423
426
449
504
529
531
538
543
551
552
553
555
574
586
602
610
612
617
626
630
645
650
651
654
661
681
682
683
688
689
690
691
692
693
694
695
696
697
698
699
700
701
702
703
704
706
723
744
749
755
763
769
770
771
773
779
785
789
793
800
802
824
829
860
894
917
920
921
952
967
971
976
996
1014
1027
1035
1039
1060
1068
1073
1094
1096
1098
1103
1104
1105
1109
1117
1154
1155
1162
1164
1195
1218
1231
1233
1248
1273
1308
1318
1320
1334
1346
1348
1349
1372
1383
1392
1396
1401
1406
1417
1445
1448
1462
1469
1488
1489
1496
1501
1504
1547
1578
1580
1587
1593
1595
1615
1623
1646
1648
1649
1650
1652
1671
1682
1708
1717
1738
1749
1750
1751
1752
1753
1754
1755
1756
1761
1762
1763
1770
1778
1790
1791
1793
1794
1795
1800
1820
1834
1856
1858
1859
1868
1878
1880
1882
1903
1904
1905
1917
1918
1927
1941
1944
1959
1960
1961
1963
2007
2008
2023
2024
2031
2033
2060
2075
2088
2121
