              precision    recall  f1-score   support

           1       1.00      1.00      1.00         8
           2       1.00      1.00      1.00         4
           3       1.00      1.00      1.00         1
           4       1.00      1.00      1.00         3
           5       1.00      1.00      1.00         1
           6       1.00      1.00      1.00         2
           7       1.00      1.00      1.00         2

    accuracy                           1.00        21
   macro avg       1.00      1.00      1.00        21
weighted avg       1.00      1.00      1.00        21
